[ 3.53553375e-01 -3.53553406e-01  1.38777878e-17 -7.30444994e-50    5.50265696e-33 -6.57773760e-01]
 [ 3.53553375e-01  3.53553406e-01  1.38777878e-17 -7.30444994e-50   5.50265696e-33  6.57773760e-01]
 [ 3.53553375e-01 -3.53553406e-01 -1.38777878e-17  7.30444994e-50  -5.50265696e-33  6.57773760e-01]
 [ 3.53553375e-01  3.53553406e-01 -1.38777878e-17  7.30444994e-50  -5.50265696e-33 -6.57773760e-01]
 [ 0.00000000e+00  0.00000000e+00  2.50000000e-01  1.08695650e+00  -1.78571428e+00  0.00000000e+00]
 [ 0.00000000e+00  0.00000000e+00  2.50000000e-01 -1.08695650e+00  -1.78571428e+00  0.00000000e+00]
 [ 0.00000000e+00  0.00000000e+00  2.50000000e-01 -1.08695650e+00   1.78571428e+00  0.00000000e+00]
 [ 0.00000000e+00  0.00000000e+00  2.50000000e-01  1.08695650e+00   1.78571428e+00  0.00000000e+00]]



[[ 3.53553378e-01 -3.53553403e-01  5.70881344e-17  2.14671817e-16  -4.71583554e-16 -6.57773752e-01]
 [ 3.53553378e-01  3.53553403e-01  9.50427887e-17 -1.60921733e-16  -3.57244825e-16  6.57773752e-01]
 [ 3.53553378e-01 -3.53553403e-01  1.32975535e-16 -5.78301683e-17   3.72038519e-16  6.57773752e-01]
 [ 3.53553378e-01  3.53553403e-01  2.89119784e-17  4.08008381e-18   4.56789861e-16 -6.57773752e-01]
 [ 4.20150784e-32  7.20907541e-17  2.50000000e-01  1.08695652e+00  -1.78571429e+00  1.65709685e-16]
 [ 2.84589482e-32 -1.16154646e-16  2.50000000e-01 -1.08695652e+00  -1.78571429e+00 -5.92374325e-17]
 [ 4.58546872e-32 -6.31056867e-17  2.50000000e-01 -1.08695652e+00   1.78571429e+00 -7.84121058e-17]
 [ 6.07365737e-32  8.58874008e-17  2.50000000e-01  1.08695652e+00   1.78571429e+00  2.19562568e-16]]


thrust forces new
data: [-3.535341501235962, -3.5357260704040527, -3.5357260704040527, -3.535341501235962, -0.04267822951078415, -0.04267822951078415, 0.04267822951078415, 0.04267822951078415]

thrust forces old
data: [3.5355336666107178, 3.5355336666107178, 3.5355336666107178, 3.5355336666107178, -0.04316704347729683, -0.04316704347729683, 0.04316704347729683, 0.04316704347729683]


  x: 0.047145804140553145
  y: 0.129316697543038
  z: 0.006856741770512244
  w: 0.9904582020362069
  
  
   x: 0.047996710476484496
  y: -0.005450033016587769
  z: -0.000261889380720509
  w: 0.9988325907465708

  x: 0.05124210285394615
  y: -0.01317321535318595
  z: 0.10619352974813968
  w: 0.9929368799334604


